{
  "advancedEditorSelectedIdentifier" : "ProjectBrowser",
  "openSceneRelativePaths" : [
    "BoardScene.usda"
  ],
  "recentIdentifiers" : {

  },
  "sceneCameraHistory" : {
    "18E30CBA-CD80-4785-9D87-5A601DCB5A5C" : [
      {
        "date" : 753066893.129012,
        "title" : "Untitled",
        "transform" : [
          0.99999887,
          1.189332e-10,
          0.0015354754,
          0,
          0.00068919983,
          0.89360654,
          -0.44885066,
          0,
          -0.0013721109,
          0.4488512,
          0.89360553,
          0,
          0.032052975,
          1.1135293,
          1.8641716,
          1
        ]
      },
      {
        "date" : 751811256.772329,
        "title" : "Untitled",
        "transform" : [
          0.99999887,
          1.189332e-10,
          0.0015354754,
          0,
          0.00068919983,
          0.89360654,
          -0.44885066,
          0,
          -0.0013721109,
          0.4488512,
          0.89360553,
          0,
          -0.00096247095,
          0.31419122,
          0.6244533,
          1
        ]
      },
      {
        "date" : 750651673.705791,
        "title" : "Untitled",
        "transform" : [
          0.99999887,
          9.2082696e-11,
          0.0015354753,
          0,
          0.00068919983,
          0.89360654,
          -0.44885066,
          0,
          -0.0013721108,
          0.4488512,
          0.89360553,
          0,
          -0.0042464244,
          1.1137605,
          1.7717332,
          1
        ]
      },
      {
        "date" : 749365818.259052,
        "title" : "Untitled",
        "transform" : [
          0.99999887,
          9.2082696e-11,
          0.0015354753,
          0,
          0.00068919983,
          0.89360654,
          -0.44885066,
          0,
          -0.0013721108,
          0.4488512,
          0.89360553,
          0,
          -0.0009302284,
          0.24398209,
          0.38811874,
          1
        ]
      },
      {
        "date" : 749365815.041281,
        "title" : "Untitled",
        "transform" : [
          0.99999887,
          1.38648815e-11,
          0.0015354751,
          0,
          0.0006891998,
          0.89360654,
          -0.44885063,
          0,
          -0.0013721107,
          0.44885117,
          0.89360553,
          0,
          -0.00093018945,
          0.2439821,
          0.3881188,
          1
        ]
      },
      {
        "date" : 749365810.705721,
        "title" : "Untitled",
        "transform" : [
          0.9999988,
          4.229006e-12,
          0.001535475,
          0,
          0.0006891998,
          0.8936066,
          -0.44885063,
          0,
          -0.0013721106,
          0.44885114,
          0.89360553,
          0,
          -0.0014200173,
          0.23499358,
          0.9660638,
          1
        ]
      },
      {
        "date" : 749365801.772696,
        "title" : "Untitled",
        "transform" : [
          0.9999988,
          4.229006e-12,
          0.001535475,
          0,
          0.0006891998,
          0.8936066,
          -0.44885063,
          0,
          -0.0013721106,
          0.44885114,
          0.89360553,
          0,
          -0.004082513,
          0.12508608,
          1.0212654,
          1
        ]
      },
      {
        "date" : 749365796.359317,
        "title" : "Untitled",
        "transform" : [
          1,
          0,
          0,
          0,
          0,
          0.7071069,
          -0.70710677,
          0,
          0,
          0.70710677,
          0.7071069,
          0,
          -0.002514381,
          0.43991816,
          0.9301139,
          1
        ]
      },
      {
        "date" : 749365793.788049,
        "title" : "Untitled",
        "transform" : [
          1,
          0,
          0,
          0,
          0,
          0.7071069,
          -0.70710677,
          0,
          0,
          0.70710677,
          0.7071069,
          0,
          0.008311007,
          0.5230271,
          0.8470049,
          1
        ]
      },
      {
        "date" : 749365783.246706,
        "title" : "Untitled",
        "transform" : [
          1,
          0,
          0,
          0,
          0,
          0.7071069,
          -0.70710677,
          0,
          0,
          0.70710677,
          0.7071069,
          0,
          0.012917671,
          0.5525447,
          0.8359206,
          1
        ]
      }
    ],
    "1D572CEB-057A-41C3-B575-04C37501A3C0" : [
      {
        "date" : 749365542.378088,
        "title" : "Untitled",
        "transform" : [
          1,
          0,
          -0,
          0,
          -0,
          0.7071069,
          -0.7071067,
          0,
          0,
          0.7071067,
          0.7071069,
          0,
          -0.5000001,
          1.6946404,
          -1.3053596,
          1
        ]
      }
    ]
  },
  "sceneViewportBackgroundColors" : {

  },
  "selectedSceneRelativePath" : "BoardScene.usda"
}